Date,Open,High,Low,Avg,Close,Chg,Volume,Vol Chg,Market Cap,MCap Chg
2026-03-28,$0.0697,$0.071,$0.0696,$0.0702,$0.0706,1.23,"$9,871,223",3.19,"$1,656,473,299",1.20
2026-03-27,$0.0707,$0.0711,$0.0694,$0.0702,$0.0698,-1.28,"$9,565,665",-23.78,"$1,636,907,697",-1.14
2026-03-26,$0.0732,$0.074,$0.0701,$0.072,$0.0706,-3.55,"$12,550,114",-41.55,"$1,655,860,453",-3.49
2026-03-25,$0.0715,$0.077,$0.0708,$0.0731,$0.0731,2.22,"$21,473,263",48.37,"$1,715,794,632",2.35
2026-03-24,$0.0733,$0.0735,$0.0703,$0.0721,$0.0714,-2.52,"$14,472,613",-46.51,"$1,676,328,567",-2.46
2026-03-23,$0.0708,$0.0739,$0.0663,$0.0711,$0.0732,3.43,"$27,055,011",-6.92,"$1,718,542,446",3.17
2026-03-22,$0.0764,$0.0764,$0.071,$0.0737,$0.071,-7.08,"$29,065,559",96.00,"$1,665,805,819",-7.85
2026-03-21,$0.0739,$0.0796,$0.0735,$0.076,$0.077,4.26,"$14,829,057",-9.75,"$1,807,782,886",4.37
2026-03-20,$0.0714,$0.0748,$0.0709,$0.0727,$0.0738,3.42,"$16,430,278",22.99,"$1,732,042,801",3.47
2026-03-19,$0.0722,$0.0734,$0.0705,$0.0719,$0.0713,-1.14,"$13,359,383",-36.14,"$1,673,913,245",-1.06
2026-03-18,$0.0738,$0.0745,$0.0704,$0.0727,$0.0721,-2.25,"$20,920,721",-17.68,"$1,691,792,283",-2.23
2026-03-17,$0.0755,$0.08,$0.0734,$0.0757,$0.0738,-2.32,"$25,413,175",-19.97,"$1,730,428,925",-2.31
2026-03-16,$0.0735,$0.0799,$0.0704,$0.0748,$0.0755,2.76,"$31,754,386",116.42,"$1,771,384,872",2.98
2026-03-15,$0.0728,$0.0759,$0.0724,$0.0736,$0.0733,0.753,"$14,672,459",-6.95,"$1,720,206,414",0.835
2026-03-14,$0.0789,$0.0794,$0.0722,$0.0758,$0.0727,-7.84,"$15,767,714",-33.88,"$1,705,969,955",-7.72
2026-03-13,$0.0813,$0.0849,$0.0787,$0.0809,$0.0788,-3.05,"$23,846,015",5.39,"$1,848,724,440",-3.04
2026-03-12,$0.0794,$0.082,$0.0792,$0.0805,$0.0813,2.35,"$22,626,482",7.71,"$1,906,778,654",2.34
2026-03-11,$0.0781,$0.0799,$0.073,$0.0776,$0.0794,1.71,"$21,007,131",-25.31,"$1,863,089,776",1.57
2026-03-10,$0.0754,$0.0809,$0.0754,$0.0774,$0.0782,3.71,"$28,125,710",85.33,"$1,834,240,285",3.70
2026-03-09,$0.0723,$0.0759,$0.0721,$0.0739,$0.0754,4.26,"$15,176,265",20.40,"$1,768,829,379",4.25
2026-03-08,$0.0719,$0.0737,$0.0714,$0.0723,$0.0723,0.641,"$12,604,520",-4.77,"$1,696,692,186",0.598
2026-03-07,$0.0709,$0.0737,$0.0694,$0.0715,$0.0719,1.40,"$13,235,851",6.02,"$1,686,612,946",1.28
2026-03-06,$0.0763,$0.0771,$0.071,$0.0738,$0.071,-6.94,"$12,484,023",-56.75,"$1,665,339,162",-6.93
2026-03-05,$0.0762,$0.0786,$0.076,$0.0768,$0.0763,0.0856,"$28,862,572",18.95,"$1,789,336,141",-0.0123
2026-03-04,$0.0712,$0.0774,$0.0703,$0.0738,$0.0763,7.05,"$24,265,357",12.91,"$1,789,555,780",6.89
2026-03-03,$0.0708,$0.0714,$0.0684,$0.0705,$0.0714,0.750,"$21,490,817",7.91,"$1,674,278,907",0.755
2026-03-02,$0.067,$0.0719,$0.067,$0.0692,$0.0708,5.78,"$19,916,210",27.43,"$1,661,737,136",5.82
2026-03-01,$0.0681,$0.0697,$0.0662,$0.0677,$0.0669,-1.79,"$15,628,790",11.95,"$1,570,332,450",-1.68
2026-02-28,$0.0672,$0.0683,$0.0642,$0.0669,$0.0681,1.33,"$13,960,321",12.25,"$1,597,207,588",1.39
2026-02-27,$0.0691,$0.0691,$0.0668,$0.068,$0.0671,-2.78,"$12,436,781",-6.15,"$1,575,279,934",-2.86
2026-02-26,$0.0689,$0.0709,$0.0678,$0.0692,$0.0691,0.371,"$13,251,476",-37.51,"$1,621,736,225",0.489
2026-02-25,$0.066,$0.0712,$0.0659,$0.068,$0.0688,4.29,"$21,204,928",44.58,"$1,613,843,722",4.28
2026-02-24,$0.063,$0.0661,$0.0621,$0.0643,$0.066,4.77,"$14,666,953",-9.72,"$1,547,619,630",4.86
2026-02-23,$0.0643,$0.0643,$0.0612,$0.0632,$0.0629,-2.10,"$16,246,320",128.07,"$1,475,882,572",-2.08
2026-02-22,$0.0643,$0.0652,$0.0642,$0.0645,$0.0642,-0.0877,"$7,123,418",-21.35,"$1,507,250,739",-0.118
2026-02-21,$0.0645,$0.0649,$0.0641,$0.0645,$0.0643,-0.316,"$9,056,805",-23.88,"$1,509,030,850",-0.305
2026-02-20,$0.064,$0.0646,$0.062,$0.0638,$0.0645,0.812,"$11,897,323",-22.95,"$1,513,642,242",0.732
2026-02-19,$0.0661,$0.0671,$0.0623,$0.0649,$0.064,-3.10,"$15,441,238",-31.78,"$1,502,637,502",-3.61
2026-02-18,$0.0629,$0.0671,$0.0604,$0.0642,$0.0664,5.55,"$22,635,904",49.48,"$1,558,862,734",5.40
2026-02-17,$0.0669,$0.0687,$0.063,$0.0654,$0.063,-5.77,"$15,142,640",60.42,"$1,478,971,355",-5.76
2026-02-16,$0.0665,$0.0682,$0.0662,$0.067,$0.0669,0.542,"$9,439,246",-28.74,"$1,569,386,274",0.568
2026-02-15,$0.0704,$0.0704,$0.0658,$0.0683,$0.0665,-5.58,"$13,246,962",6.71,"$1,560,526,336",-5.58
2026-02-14,$0.069,$0.0705,$0.0677,$0.0694,$0.0704,2.07,"$12,414,163",-32.63,"$1,652,792,140",2.10
2026-02-13,$0.0667,$0.0701,$0.0656,$0.0679,$0.069,3.43,"$18,426,666",69.92,"$1,618,839,253",3.53
2026-02-12,$0.0657,$0.0673,$0.0653,$0.0663,$0.0666,1.36,"$10,844,615",-48.60,"$1,563,609,354",1.46
2026-02-11,$0.0688,$0.0691,$0.0635,$0.0668,$0.0657,-4.59,"$21,096,945",-2.19,"$1,541,145,863",-4.56
2026-02-10,$0.0695,$0.0706,$0.0678,$0.0692,$0.0688,-0.955,"$21,570,182",-45.25,"$1,614,805,148",-1.14
2026-02-09,$0.0676,$0.0712,$0.0661,$0.0686,$0.0696,3.04,"$39,397,850",-3.76,"$1,633,409,740",2.72
2026-02-08,$0.0648,$0.0682,$0.0647,$0.0664,$0.0678,4.60,"$40,936,065",43.18,"$1,590,097,645",4.57
2026-02-07,$0.0636,$0.0652,$0.0627,$0.0641,$0.0648,1.87,"$28,591,518",-44.66,"$1,520,561,508",1.83
2026-02-06,$0.056,$0.0652,$0.0537,$0.0596,$0.0636,13.74,"$51,660,911",7.08,"$1,493,215,402",13.51
2026-02-05,$0.0611,$0.0611,$0.0559,$0.0586,$0.0561,-8.30,"$48,246,103",65.23,"$1,315,532,415",-8.36
2026-02-04,$0.0615,$0.0625,$0.0598,$0.0612,$0.0612,-0.434,"$29,199,787",-10.44,"$1,435,587,022",0.102
2026-02-03,$0.0628,$0.0629,$0.0581,$0.0612,$0.0611,-2.68,"$32,603,259",10.93,"$1,434,128,353",-2.73
2026-02-02,$0.0612,$0.0629,$0.0587,$0.0614,$0.0628,2.70,"$29,391,851",47.37,"$1,474,307,503",2.71
2026-02-01,$0.0608,$0.0616,$0.0603,$0.061,$0.0612,0.607,"$19,944,648",-48.29,"$1,435,437,318",0.497
2026-01-31,$0.0645,$0.0645,$0.0588,$0.0622,$0.0609,-5.57,"$38,571,834",78.40,"$1,428,344,080",-5.56
2026-01-30,$0.0649,$0.0656,$0.0634,$0.0646,$0.0645,-0.640,"$21,620,379",-2.62,"$1,512,503,405",-0.620
2026-01-29,$0.0673,$0.0673,$0.0636,$0.0658,$0.0649,-3.58,"$22,201,776",43.72,"$1,521,934,465",-3.54
2026-01-28,$0.0636,$0.0672,$0.0636,$0.0654,$0.0672,5.69,"$15,448,440",42.13,"$1,577,731,517",5.63
2026-01-27,$0.0648,$0.0648,$0.0628,$0.064,$0.0637,-1.83,"$10,869,266",-32.96,"$1,493,603,419",-2.08
2026-01-26,$0.064,$0.0666,$0.064,$0.0649,$0.065,1.64,"$16,213,687",16.49,"$1,525,362,038",1.55
2026-01-25,$0.0666,$0.0678,$0.0634,$0.0654,$0.064,-3.91,"$13,918,219",63.71,"$1,502,076,647",-3.78
2026-01-24,$0.0666,$0.0671,$0.0659,$0.0665,$0.0665,-0.0265,"$8,501,864",-46.15,"$1,561,130,230",0.0589
2026-01-23,$0.0671,$0.0679,$0.0649,$0.0666,$0.0665,-0.961,"$15,789,133",-50.59,"$1,560,211,797",-0.961
2026-01-22,$0.0643,$0.0683,$0.0643,$0.066,$0.0671,4.35,"$31,958,211",76.31,"$1,575,352,904",4.18
2026-01-21,$0.063,$0.0651,$0.0615,$0.0635,$0.0645,2.24,"$18,126,260",27.52,"$1,512,214,635",2.25
2026-01-20,$0.0643,$0.0647,$0.0617,$0.0634,$0.063,-1.92,"$14,213,923",-39.32,"$1,479,005,288",-1.87
2026-01-19,$0.0639,$0.0666,$0.0627,$0.0644,$0.0642,0.519,"$23,423,772",125.70,"$1,507,127,169",0.391
2026-01-18,$0.0641,$0.0646,$0.0636,$0.0641,$0.064,-0.228,"$10,378,506",-13.98,"$1,501,253,014",-0.209
2026-01-17,$0.0648,$0.0652,$0.0635,$0.0644,$0.0641,-0.989,"$12,065,876",-44.16,"$1,504,393,756",-1.01
2026-01-16,$0.0599,$0.0652,$0.0599,$0.0624,$0.0648,8.18,"$21,608,976",96.79,"$1,519,781,515",8.16
2026-01-15,$0.0598,$0.0605,$0.0591,$0.0598,$0.0599,0.106,"$10,980,788",-2.69,"$1,405,178,462",0.228
2026-01-14,$0.0592,$0.06,$0.0591,$0.0595,$0.0598,0.959,"$11,284,265",-15.82,"$1,401,980,846",0.99950
2026-01-13,$0.0558,$0.061,$0.0558,$0.0579,$0.0592,6.10,"$13,405,449",-22.70,"$1,388,106,716",6.17
2026-01-12,$0.0586,$0.0596,$0.0549,$0.0572,$0.0557,-4.90,"$17,342,769",39.21,"$1,307,447,440",-4.83
2026-01-11,$0.0587,$0.0597,$0.0578,$0.0587,$0.0585,-0.281,"$12,457,885",3.53,"$1,373,736,269",-0.292
2026-01-10,$0.0557,$0.0587,$0.0552,$0.0571,$0.0587,5.50,"$12,032,650",-19.25,"$1,377,753,002",5.52
2026-01-09,$0.0572,$0.0588,$0.0554,$0.0568,$0.0556,-2.67,"$14,900,424",3.42,"$1,305,667,371",-2.61
2026-01-08,$0.0614,$0.062,$0.0564,$0.0593,$0.0571,-6.92,"$14,407,266",47.76,"$1,340,695,742",-6.99
2026-01-07,$0.0638,$0.0638,$0.0609,$0.0625,$0.0614,-3.74,"$9,750,158",-32.85,"$1,441,502,555",-3.76
2026-01-06,$0.0642,$0.0643,$0.0628,$0.0638,$0.0638,-0.530,"$14,520,104",6.14,"$1,497,807,089",-0.617
2026-01-05,$0.0622,$0.0644,$0.0622,$0.0632,$0.0642,3.30,"$13,680,227",10.44,"$1,507,099,974",3.32
2026-01-04,$0.062,$0.0633,$0.0613,$0.0622,$0.0622,0.245,"$12,387,019",-16.73,"$1,458,739,690",0.235
2026-01-03,$0.063,$0.0635,$0.0594,$0.062,$0.062,-1.61,"$14,875,470",30.56,"$1,455,314,655",-1.61
2026-01-02,$0.0604,$0.0632,$0.0604,$0.0618,$0.063,4.31,"$11,393,842",51.48,"$1,479,118,251",4.17
2026-01-01,$0.0577,$0.0605,$0.0576,$0.0591,$0.0605,4.94,"$7,521,872",-41.02,"$1,419,886,319",4.83
2025-12-31,$0.0604,$0.0604,$0.0576,$0.059,$0.0577,-4.44,"$12,752,807",43.69,"$1,354,501,309",-4.45
2025-12-30,$0.0616,$0.0619,$0.0603,$0.0611,$0.0604,-1.94,"$8,875,120",-34.73,"$1,417,560,128",-1.88
2025-12-29,$0.064,$0.0649,$0.0615,$0.063,$0.0616,-3.82,"$13,597,144",10.08,"$1,444,790,950",-3.76
2025-12-28,$0.0621,$0.0647,$0.0621,$0.0632,$0.064,3.00,"$12,352,021",-38.92,"$1,501,194,969",3.01
2025-12-27,$0.0619,$0.0629,$0.0611,$0.062,$0.0621,0.269,"$20,223,773",-2.17,"$1,457,381,682",0.693
2025-12-26,$0.0682,$0.0691,$0.0617,$0.0652,$0.0617,-9.59,"$20,671,942",41.44,"$1,447,352,190",-9.68
2025-12-25,$0.0676,$0.0689,$0.066,$0.0677,$0.0683,0.971,"$14,615,773",-15.65,"$1,602,554,527",1.05
2025-12-24,$0.0645,$0.068,$0.0645,$0.0661,$0.0676,4.80,"$17,327,963",7.55,"$1,585,951,971",4.65
2025-12-23,$0.0667,$0.0671,$0.0631,$0.0654,$0.0646,-3.17,"$16,111,381",-30.32,"$1,515,464,373",-3.19
2025-12-22,$0.0659,$0.0685,$0.0654,$0.0666,$0.0667,1.19,"$23,123,584",26.61,"$1,565,404,886",1.32
2025-12-21,$0.063,$0.0662,$0.0625,$0.0644,$0.0659,4.49,"$18,263,259",35.62,"$1,545,085,626",4.58
2025-12-20,$0.0598,$0.0633,$0.0598,$0.0615,$0.063,5.31,"$13,466,412",-15.00,"$1,477,399,509",5.30
2025-12-19,$0.0566,$0.0602,$0.0564,$0.0582,$0.0598,5.70,"$15,843,464",5.21,"$1,403,040,094",5.65
2025-12-18,$0.0569,$0.0593,$0.0566,$0.0573,$0.0566,-0.508,"$15,058,399",-8.66,"$1,327,983,482",-0.486
2025-12-17,$0.0597,$0.0606,$0.0562,$0.0584,$0.0569,-4.78,"$16,486,604",15.21,"$1,334,473,876",-4.68
2025-12-16,$0.0583,$0.0598,$0.0565,$0.0586,$0.0597,2.41,"$14,309,588",-30.71,"$1,399,974,507",2.43
2025-12-15,$0.0594,$0.0595,$0.0561,$0.0583,$0.0583,-1.94,"$20,651,267",14.11,"$1,366,820,243",-1.99
2025-12-14,$0.0583,$0.0601,$0.0579,$0.0589,$0.0594,1.95,"$18,097,594",109.30,"$1,394,505,009",1.94
2025-12-13,$0.0571,$0.0584,$0.057,$0.0577,$0.0583,2.04,"$8,646,847",-47.05,"$1,368,012,024",2.03
2025-12-12,$0.0547,$0.058,$0.0546,$0.0561,$0.0571,4.40,"$16,329,236",61.71,"$1,340,745,805",4.42
2025-12-11,$0.0559,$0.0559,$0.054,$0.0551,$0.0547,-2.03,"$10,097,809",-14.24,"$1,283,990,083",-1.90
2025-12-10,$0.0545,$0.0568,$0.0545,$0.0554,$0.0558,2.29,"$11,773,859",-22.29,"$1,308,891,884",2.27
2025-12-09,$0.0537,$0.0564,$0.0531,$0.0544,$0.0545,1.51,"$15,150,881",44.73,"$1,279,790,416",1.56
2025-12-08,$0.0524,$0.0542,$0.0524,$0.0532,$0.0537,2.41,"$10,468,552",-4.41,"$1,260,190,691",2.75
2025-12-07,$0.0527,$0.0545,$0.0521,$0.0529,$0.0523,-0.889,"$10,951,741",18.25,"$1,226,502,285",-0.892
2025-12-06,$0.0523,$0.0532,$0.0519,$0.0526,$0.0527,0.843,"$9,261,507",-36.70,"$1,237,541,298",0.754
2025-12-05,$0.056,$0.0565,$0.052,$0.0542,$0.0524,-6.52,"$14,630,124",-23.70,"$1,228,283,284",-6.51
2025-12-04,$0.0559,$0.0572,$0.0553,$0.0561,$0.056,0.119,"$19,174,278",-30.93,"$1,313,836,239",0.105
2025-12-03,$0.0556,$0.0582,$0.0538,$0.0559,$0.0559,0.644,"$27,759,580",-10.49,"$1,312,453,109",0.655
2025-12-02,$0.0516,$0.0582,$0.0516,$0.0542,$0.0556,7.60,"$31,014,191",23.79,"$1,303,908,942",7.58
2025-12-01,$0.0553,$0.0553,$0.0486,$0.0527,$0.0517,-6.54,"$25,053,588",-22.88,"$1,212,039,273",-6.50
2025-11-30,$0.0545,$0.0562,$0.0532,$0.0548,$0.0553,1.46,"$32,485,096",-17.62,"$1,296,354,832",1.27
2025-11-29,$0.0499,$0.0566,$0.0499,$0.0527,$0.0546,9.28,"$39,435,018",6.36,"$1,280,104,316",9.26
2025-11-28,$0.0495,$0.0538,$0.0485,$0.0504,$0.0499,0.815,"$37,077,094",21.74,"$1,171,594,281",0.833
2025-11-27,$0.0463,$0.0497,$0.0462,$0.0479,$0.0495,7.04,"$30,455,069",49.19,"$1,161,915,416",7.28
2025-11-26,$0.0428,$0.0462,$0.0422,$0.0443,$0.0462,7.94,"$20,413,897",46.93,"$1,083,106,496",8.01
2025-11-25,$0.0435,$0.0438,$0.0423,$0.0431,$0.0427,-1.67,"$13,893,870",-3.36,"$1,002,742,748",-1.67
2025-11-24,$0.0432,$0.044,$0.042,$0.0432,$0.0435,0.580,"$14,377,422",44.28,"$1,019,758,181",0.560
2025-11-23,$0.0419,$0.0436,$0.0418,$0.0426,$0.0432,3.13,"$9,964,887",-51.07,"$1,014,075,149",3.03
2025-11-22,$0.0441,$0.0452,$0.0409,$0.043,$0.042,-4.96,"$20,367,518",-17.13,"$984,268,791",-5.11
2025-11-21,$0.0484,$0.0488,$0.0432,$0.0461,$0.0442,-8.57,"$24,578,143",97.41,"$1,037,298,363",-8.67
2025-11-20,$0.0495,$0.0498,$0.0473,$0.0488,$0.0484,-2.25,"$12,450,152",17.07,"$1,135,777,254",-2.24
2025-11-19,$0.0514,$0.0515,$0.0479,$0.0501,$0.0495,-3.71,"$10,634,556",-23.98,"$1,161,797,742",-3.70
2025-11-18,$0.0488,$0.0517,$0.0481,$0.05,$0.0514,5.31,"$13,989,747",25.15,"$1,206,485,657",5.49
2025-11-17,$0.05,$0.0513,$0.0487,$0.0497,$0.0487,-2.53,"$11,178,176",0.108,"$1,143,748,081",-2.58
2025-11-16,$0.0515,$0.0516,$0.0492,$0.0506,$0.05,-2.81,"$11,166,103",-7.99,"$1,174,065,934",-2.96
2025-11-15,$0.0509,$0.0523,$0.0504,$0.0513,$0.0516,1.32,"$12,136,076",-41.45,"$1,209,908,446",1.34
2025-11-14,$0.0551,$0.0563,$0.0505,$0.0532,$0.0509,-7.65,"$20,727,630",-13.03,"$1,193,926,055",-7.81
2025-11-13,$0.0585,$0.0592,$0.054,$0.0567,$0.0552,-5.60,"$23,833,932",-58.65,"$1,295,132,442",-5.76
2025-11-12,$0.0525,$0.0625,$0.0523,$0.0564,$0.0586,11.67,"$57,644,605",327.60,"$1,374,262,849",11.48
2025-11-11,$0.0573,$0.0575,$0.0517,$0.0547,$0.0525,-8.33,"$13,480,919",26.33,"$1,232,735,606",-8.55
2025-11-10,$0.0546,$0.0583,$0.0545,$0.0562,$0.0575,5.18,"$10,671,035",39.05,"$1,347,982,939",5.28
2025-11-09,$0.0513,$0.0547,$0.0513,$0.053,$0.0546,6.28,"$7,674,422",-23.00,"$1,280,365,881",6.50
2025-11-08,$0.0552,$0.0559,$0.0508,$0.0533,$0.0513,-7.06,"$9,967,230",-41.50,"$1,202,231,701",-7.12
2025-11-07,$0.0497,$0.0556,$0.0495,$0.0525,$0.0553,11.17,"$17,037,276",77.79,"$1,294,403,650",11.18
2025-11-06,$0.0516,$0.0522,$0.0495,$0.0508,$0.0497,-3.69,"$9,583,073",-38.55,"$1,164,284,425",-3.79
2025-11-05,$0.053,$0.0534,$0.0507,$0.0522,$0.0517,-2.46,"$15,594,911",-33.15,"$1,210,133,038",-2.35
2025-11-04,$0.0538,$0.0543,$0.0509,$0.053,$0.0529,-1.64,"$23,328,811",33.05,"$1,239,273,052",-1.66
2025-11-03,$0.0558,$0.056,$0.0529,$0.0546,$0.0538,-3.64,"$17,533,523",221.03,"$1,260,152,983",-3.54
2025-11-02,$0.0558,$0.0562,$0.0552,$0.0558,$0.0558,-0.0721,"$5,461,595",-1.41,"$1,306,385,387",-0.0587
2025-11-01,$0.056,$0.0564,$0.0556,$0.056,$0.0558,-0.256,"$5,539,715",-51.71,"$1,307,153,136",-0.258
2025-10-31,$0.0575,$0.0577,$0.0557,$0.0567,$0.056,-2.62,"$11,472,927",-23.30,"$1,310,537,804",-2.57
2025-10-30,$0.0588,$0.0604,$0.0564,$0.0583,$0.0574,-2.38,"$14,958,076",89.64,"$1,345,167,599",-2.48
2025-10-29,$0.0584,$0.0594,$0.0578,$0.0587,$0.0589,0.789,"$7,887,518",-28.60,"$1,379,321,877",0.803
2025-10-28,$0.0592,$0.06,$0.0582,$0.0589,$0.0584,-1.23,"$11,047,621",9.69,"$1,368,332,150",-1.23
2025-10-27,$0.0593,$0.0604,$0.0583,$0.0593,$0.0592,-0.311,"$10,071,622",15.44,"$1,385,361,412",-0.409
2025-10-26,$0.0575,$0.0596,$0.0575,$0.0585,$0.0594,3.24,"$8,724,503",47.90,"$1,391,054,411",3.26
2025-10-25,$0.0579,$0.0586,$0.0575,$0.0579,$0.0575,-0.638,"$5,899,100",-34.94,"$1,347,157,221",-0.602
2025-10-24,$0.0586,$0.0598,$0.0576,$0.0585,$0.0579,-1.23,"$9,067,417",3.18,"$1,355,321,646",-1.14
2025-10-23,$0.0581,$0.0604,$0.0579,$0.0587,$0.0585,0.769,"$8,787,762",-53.35,"$1,370,952,063",0.770
2025-10-22,$0.0582,$0.0591,$0.0576,$0.0582,$0.0581,-0.0967,"$18,839,594",-23.73,"$1,360,473,342",-0.422
2025-10-21,$0.0583,$0.0618,$0.0581,$0.0591,$0.0583,0.0377,"$24,702,332",111.26,"$1,366,236,554",0.0762
2025-10-20,$0.0587,$0.0598,$0.0582,$0.0588,$0.0583,-0.754,"$11,692,690",-5.77,"$1,365,196,823",-0.725
2025-10-19,$0.0591,$0.0599,$0.0584,$0.0591,$0.0587,-0.696,"$12,409,269",66.25,"$1,375,165,144",-0.643
2025-10-18,$0.0589,$0.0598,$0.0586,$0.0591,$0.0591,0.417,"$7,464,311",-69.98,"$1,384,059,614",0.412
2025-10-17,$0.0602,$0.0603,$0.0583,$0.0594,$0.0589,-2.24,"$24,863,221",43.29,"$1,378,381,206",-2.13
2025-10-16,$0.0599,$0.0604,$0.0591,$0.0599,$0.0601,0.357,"$17,351,174",-7.79,"$1,408,391,384",0.376
2025-10-15,$0.0634,$0.0646,$0.0593,$0.0618,$0.0599,-5.44,"$18,817,738",-34.26,"$1,403,116,948",-5.44
2025-10-14,$0.0654,$0.0654,$0.0603,$0.0636,$0.0634,-3.07,"$28,625,768",18.52,"$1,483,805,761",-2.99
2025-10-13,$0.0631,$0.0655,$0.0623,$0.0641,$0.0653,3.52,"$24,153,695",48.58,"$1,529,555,935",3.56
2025-10-12,$0.0581,$0.0636,$0.058,$0.0607,$0.0631,8.63,"$16,256,618",-59.07,"$1,476,987,609",8.61
2025-10-11,$0.0615,$0.0624,$0.0574,$0.0598,$0.0581,-5.61,"$39,715,101",-31.46,"$1,359,904,688",-5.46
2025-10-10,$0.0669,$0.0684,$0.0398,$0.0591,$0.0614,-8.20,"$57,941,710",286.75,"$1,438,429,978",-8.19
2025-10-09,$0.0689,$0.0689,$0.066,$0.0677,$0.0669,-2.93,"$14,981,561",-2.53,"$1,566,676,105",-2.90
2025-10-08,$0.0668,$0.069,$0.0662,$0.0677,$0.0689,3.18,"$15,371,049",-35.58,"$1,613,461,307",3.43
2025-10-07,$0.0693,$0.0702,$0.0666,$0.0682,$0.0666,-3.82,"$23,860,804",37.93,"$1,559,945,087",-3.80
2025-10-06,$0.0674,$0.0695,$0.0674,$0.0684,$0.0693,2.81,"$17,299,253",4.44,"$1,621,637,306",2.78
2025-10-05,$0.0673,$0.0699,$0.0671,$0.0679,$0.0674,0.140,"$16,563,531",9.44,"$1,577,730,274",0.203
2025-10-04,$0.0695,$0.0697,$0.0668,$0.0683,$0.0672,-3.31,"$15,134,455",-28.02,"$1,574,531,987",-3.34
2025-10-03,$0.0703,$0.0704,$0.0683,$0.0696,$0.0696,-1.02,"$21,025,171",-23.80,"$1,628,954,810",-0.920
2025-10-02,$0.0708,$0.0714,$0.0693,$0.0704,$0.0702,-0.813,"$27,592,282",-40.45,"$1,644,077,197",-0.898
2025-10-01,$0.0681,$0.0728,$0.0674,$0.0698,$0.0708,4.03,"$46,333,163",55.51,"$1,658,968,570",4.03
2025-09-30,$0.0656,$0.0687,$0.0643,$0.0667,$0.0681,3.88,"$29,794,998",20.32,"$1,594,705,638",3.87
2025-09-29,$0.0685,$0.0686,$0.0654,$0.067,$0.0656,-4.24,"$24,763,307",21.64,"$1,535,317,558",-4.34
2025-09-28,$0.0646,$0.0688,$0.0642,$0.0665,$0.0685,6.15,"$20,358,546",42.12,"$1,604,980,416",6.00
2025-09-27,$0.0673,$0.0676,$0.0647,$0.0661,$0.0647,-3.98,"$14,324,566",-34.80,"$1,514,103,136",-3.94
2025-09-26,$0.0649,$0.069,$0.0642,$0.0664,$0.0673,3.77,"$21,968,912",-26.96,"$1,576,261,012",3.78
2025-09-25,$0.067,$0.067,$0.0641,$0.0657,$0.0649,-3.12,"$30,079,294",-13.45,"$1,518,823,293",-3.11
2025-09-24,$0.0683,$0.0716,$0.0669,$0.0684,$0.0669,-1.98,"$34,753,193",34.19,"$1,567,545,694",-1.97
2025-09-23,$0.0667,$0.0694,$0.0649,$0.0673,$0.0683,2.43,"$25,897,863",-42.12,"$1,599,117,395",2.39
2025-09-22,$0.0696,$0.0696,$0.0645,$0.0676,$0.0667,-4.20,"$44,746,586",69.88,"$1,561,805,178",-4.22
2025-09-21,$0.0695,$0.0719,$0.0689,$0.07,$0.0696,0.204,"$26,339,943",-37.80,"$1,630,641,422",0.164
2025-09-20,$0.0724,$0.0728,$0.0692,$0.071,$0.0695,-3.91,"$42,349,217",86.69,"$1,627,971,551",-3.82
2025-09-19,$0.0777,$0.0777,$0.0719,$0.0749,$0.0723,-6.94,"$22,683,782",-48.54,"$1,692,614,316",-6.83
2025-09-18,$0.077,$0.0782,$0.0745,$0.0768,$0.0776,0.700,"$44,080,560",-61.44,"$1,816,757,798",0.679
2025-09-17,$0.074,$0.0806,$0.0722,$0.076,$0.0771,4.14,"$114,307,540",777.26,"$1,804,496,573",4.33
2025-09-16,$0.0731,$0.074,$0.0714,$0.0731,$0.0739,1.09,"$13,029,992",-12.51,"$1,729,595,175",1.06
2025-09-15,$0.0749,$0.076,$0.0721,$0.074,$0.0731,-2.45,"$14,893,934",-38.87,"$1,711,395,230",-2.50
2025-09-14,$0.0772,$0.0802,$0.0748,$0.0768,$0.075,-2.87,"$24,362,710",37.21,"$1,755,246,882",-2.80
2025-09-13,$0.0734,$0.0771,$0.0733,$0.0752,$0.0771,5.07,"$17,755,704",-13.45,"$1,805,843,328",5.17
2025-09-12,$0.0721,$0.0747,$0.0721,$0.0731,$0.0733,1.69,"$20,514,659",-47.28,"$1,717,041,974",1.72
2025-09-11,$0.0724,$0.0755,$0.0712,$0.0728,$0.0721,-0.433,"$38,915,612",59.50,"$1,688,039,688",-0.428
2025-09-10,$0.0695,$0.075,$0.069,$0.0715,$0.0724,4.16,"$24,399,005",-16.13,"$1,695,295,561",3.86
2025-09-09,$0.0702,$0.0773,$0.0691,$0.0716,$0.0697,-0.664,"$29,091,586",426.87,"$1,632,291,509",-0.686
2025-09-08,$0.0711,$0.0728,$0.0679,$0.0705,$0.0702,-1.23,"$5,521,581",112.43,"$1,643,574,505",-1.23
2025-09-07,$0.0713,$0.0725,$0.0701,$0.0713,$0.0711,-0.358,"$2,599,267",-23.43,"$1,664,078,684",-0.349
2025-09-06,$0.075,$0.0761,$0.0713,$0.0734,$0.0713,-4.97,"$3,394,665",-27.80,"$1,669,909,953",-4.67
2025-09-05,$0.0728,$0.077,$0.0713,$0.074,$0.0748,2.80,"$4,701,833",14.83,"$1,751,624,735",2.72
2025-09-04,$0.0745,$0.0752,$0.0722,$0.0737,$0.0728,-2.20,"$4,094,517",4.90,"$1,705,209,484",-2.18
2025-09-03,$0.0727,$0.0752,$0.07,$0.0731,$0.0744,2.38,"$3,903,403",-45.51,"$1,743,131,698",2.31
2025-09-02,$0.0656,$0.0768,$0.0656,$0.0702,$0.0728,10.90,"$7,163,209",351.15,"$1,703,747,126",10.95
2025-09-01,$0.0642,$0.0661,$0.0632,$0.0648,$0.0656,2.13,"$1,587,753",27.92,"$1,535,559,333",2.12
2025-08-31,$0.0652,$0.0659,$0.0639,$0.0648,$0.0642,-1.57,"$1,241,187",-34.91,"$1,503,660,882",-1.45
2025-08-30,$0.0641,$0.0652,$0.0626,$0.0643,$0.0652,1.64,"$1,906,849",-20.32,"$1,525,760,410",1.83
2025-08-29,$0.0642,$0.0644,$0.0625,$0.0638,$0.064,-0.404,"$2,393,190",48.69,"$1,498,295,039",-0.403
2025-08-28,$0.0662,$0.0666,$0.0634,$0.0651,$0.0642,-3.01,"$1,609,558",-34.60,"$1,504,358,638",-2.95
2025-08-27,$0.0666,$0.0672,$0.0654,$0.0663,$0.0662,-0.579,"$2,460,941",-20.06,"$1,550,035,372",-0.573
2025-08-26,$0.062,$0.067,$0.0612,$0.0642,$0.0666,7.34,"$3,078,527",-9.85,"$1,558,971,879",7.32
2025-08-25,$0.0629,$0.064,$0.0605,$0.0624,$0.062,-1.43,"$3,414,793",-51.18,"$1,452,643,235",8.02
2025-08-24,$0.0669,$0.0678,$0.0625,$0.065,$0.063,-5.79,"$6,994,360",59.26,"$1,344,808,911",-5.57
2025-08-23,$0.0714,$0.0714,$0.0664,$0.069,$0.0667,-6.61,"$4,391,885",-54.22,"$1,424,112,516",-6.66
2025-08-22,$0.0674,$0.0729,$0.0633,$0.0688,$0.0715,6.01,"$9,594,490",511.54,"$1,525,785,234",6.36
2025-08-21,$0.0694,$0.0702,$0.0672,$0.0685,$0.0672,-3.16,"$1,568,894",27.40,"$1,434,580,475",-3.23
2025-08-20,$0.0689,$0.0702,$0.0661,$0.0687,$0.0694,0.849,"$1,231,484",-29.69,"$1,482,401,348",0.765
2025-08-19,$0.0715,$0.072,$0.0689,$0.0703,$0.0689,-3.55,"$1,751,505",-27.81,"$1,471,146,869",-3.52
2025-08-18,$0.0765,$0.0766,$0.0706,$0.0738,$0.0714,-6.60,"$2,426,245",21.20,"$1,524,883,973",-6.77
2025-08-17,$0.0747,$0.0787,$0.0746,$0.0761,$0.0766,2.64,"$2,001,925",15.91,"$1,635,655,864",2.59
2025-08-16,$0.0762,$0.0766,$0.0746,$0.0755,$0.0747,-2.00,"$1,727,147",-37.87,"$1,594,302,753",-1.99
2025-08-15,$0.0768,$0.0783,$0.0749,$0.0766,$0.0762,-0.811,"$2,779,960",12.95,"$1,626,745,285",-1.08
2025-08-14,$0.082,$0.0833,$0.0766,$0.0797,$0.077,-6.03,"$2,461,252",-50.88,"$1,644,499,274",-6.10
2025-08-13,$0.0835,$0.0847,$0.0811,$0.0828,$0.082,-1.81,"$5,010,943",47.90,"$1,751,275,380",-1.70
2025-08-12,$0.0837,$0.0853,$0.0815,$0.0835,$0.0835,-0.328,"$3,388,065",-37.81,"$1,781,521,055",-0.330
2025-08-11,$0.0873,$0.0883,$0.0827,$0.0855,$0.0837,-4.14,"$5,448,129",267.64,"$1,787,414,356",-4.15
2025-08-10,$0.087,$0.0882,$0.0855,$0.087,$0.0874,0.394,"$1,481,931",-34.57,"$1,864,809,215",0.442
2025-08-09,$0.0841,$0.0889,$0.0841,$0.086,$0.087,3.36,"$2,264,763",-32.22,"$1,856,595,401",3.29
2025-08-08,$0.0831,$0.0858,$0.0817,$0.0837,$0.0842,1.27,"$3,341,265",163.72,"$1,797,470,901",1.26
2025-08-07,$0.0804,$0.0835,$0.0795,$0.0816,$0.0832,3.45,"$1,266,972",13.24,"$1,775,042,887",3.48
2025-08-06,$0.0757,$0.0804,$0.074,$0.0776,$0.0804,6.21,"$1,118,873",-42.80,"$1,715,422,185",6.05
2025-08-05,$0.082,$0.0823,$0.0753,$0.0788,$0.0758,-7.63,"$1,955,970",16.24,"$1,617,581,786",-7.95
2025-08-04,$0.0789,$0.0824,$0.0786,$0.0806,$0.0823,4.39,"$1,682,658",102.25,"$1,757,291,512",4.45
2025-08-03,$0.0767,$0.0792,$0.0763,$0.0778,$0.0788,2.75,"$831,960",3.97,"$1,682,459,593",2.44
2025-08-02,$0.0793,$0.0799,$0.0761,$0.078,$0.0769,-2.95,"$800,188",-53.90,"$1,642,389,395",-3.02
2025-08-01,$0.0822,$0.0838,$0.0777,$0.0808,$0.0793,-3.51,"$1,735,765",25.87,"$1,693,502,247",-3.56
2025-07-31,$0.0857,$0.0866,$0.082,$0.0841,$0.0823,-4.04,"$1,379,027",1.79,"$1,756,002,514",-4.10
2025-07-30,$0.0857,$0.0873,$0.0825,$0.0853,$0.0858,0.0813,"$1,354,754",-28.33,"$1,831,028,197",0.107
2025-07-29,$0.0902,$0.0906,$0.0833,$0.0874,$0.0857,-4.99,"$1,890,251",-52.40,"$1,829,064,942",-5.20
2025-07-28,$0.0966,$0.0997,$0.0899,$0.0941,$0.0904,-6.40,"$3,970,730",183.58,"$1,929,429,768",-6.34
2025-07-27,$0.0952,$0.098,$0.0938,$0.0959,$0.0965,1.40,"$1,400,192",-57.05,"$2,060,056,791",1.39
2025-07-26,$0.0921,$0.0962,$0.0921,$0.0939,$0.0952,3.38,"$3,260,387",-18.84,"$2,031,877,449",3.52
2025-07-25,$0.0842,$0.0938,$0.0828,$0.0882,$0.0919,9.25,"$4,017,265",83.87,"$1,962,842,034",8.99
2025-07-24,$0.0848,$0.0867,$0.0801,$0.084,$0.0844,-0.493,"$2,184,853",-36.01,"$1,800,880,007",-0.644
2025-07-23,$0.087,$0.0871,$0.0827,$0.0854,$0.0849,-2.43,"$3,414,264",14.87,"$1,812,549,976",-2.45
2025-07-22,$0.0877,$0.0898,$0.0831,$0.0869,$0.087,-0.708,"$2,972,374",220.35,"$1,858,081,474",-0.874
2025-07-21,$0.0843,$0.0888,$0.0831,$0.086,$0.0878,4.15,"$927,843",-26.09,"$1,874,464,134",4.08
2025-07-20,$0.083,$0.0872,$0.0827,$0.0843,$0.0844,1.65,"$1,255,420",-50.10,"$1,800,991,778",1.62
2025-07-19,$0.0841,$0.0851,$0.0816,$0.0835,$0.083,-1.32,"$2,516,099",-25.99,"$1,772,224,771",-1.08
2025-07-18,$0.0785,$0.0914,$0.0781,$0.083,$0.0839,6.93,"$3,399,617",12.79,"$1,791,492,216",6.75
2025-07-17,$0.0802,$0.0806,$0.0763,$0.0789,$0.0786,-1.93,"$3,014,026",63.39,"$1,678,229,075",-2.16
2025-07-16,$0.0782,$0.0817,$0.0773,$0.0794,$0.0803,2.72,"$1,844,733",-25.87,"$1,715,236,434",2.67
2025-07-15,$0.0771,$0.0786,$0.0757,$0.0774,$0.0783,1.46,"$2,488,507",51.35,"$1,670,685,148",1.49
2025-07-14,$0.0781,$0.0806,$0.076,$0.078,$0.0771,-1.24,"$1,644,229",3.63,"$1,646,140,709",-1.18
2025-07-13,$0.0785,$0.0792,$0.0771,$0.0782,$0.078,-0.542,"$1,586,662",-35.50,"$1,665,879,277",-0.536
2025-07-12,$0.0792,$0.08,$0.0756,$0.0783,$0.0785,-0.927,"$2,460,100",-51.20,"$1,674,857,610",-0.927
2025-07-11,$0.0842,$0.0855,$0.078,$0.0817,$0.0792,-5.97,"$5,040,939",-36.68,"$1,690,532,869",-5.34
2025-07-10,$0.0816,$0.0848,$0.081,$0.0828,$0.0837,2.49,"$7,960,567",35.45,"$1,785,926,052",2.48
2025-07-09,$0.0803,$0.082,$0.0788,$0.0807,$0.0816,1.63,"$5,877,102",27.69,"$1,742,709,306",1.75
2025-07-08,$0.079,$0.081,$0.0779,$0.0795,$0.0802,1.53,"$4,602,783",-3.61,"$1,712,776,988",1.53
2025-07-07,$0.0798,$0.0798,$0.0774,$0.079,$0.079,-0.918,"$4,775,329",-23.93,"$1,686,969,008",-0.916
2025-07-06,$0.0765,$0.0805,$0.0755,$0.0781,$0.0798,4.32,"$6,277,215",20.77,"$1,702,558,871",4.21
2025-07-05,$0.0778,$0.0783,$0.0754,$0.077,$0.0765,-1.64,"$5,197,463",11.85,"$1,633,822,944",-1.64
2025-07-04,$0.0807,$0.0809,$0.0761,$0.0789,$0.0778,-3.54,"$4,646,851",-26.21,"$1,661,132,638",-3.54
2025-07-03,$0.0826,$0.0833,$0.0806,$0.0818,$0.0807,-2.34,"$6,297,352",-2.25,"$1,722,056,790",-2.34
2025-07-02,$0.0766,$0.0835,$0.0759,$0.0796,$0.0826,7.78,"$6,442,067",53.79,"$1,763,277,701",7.91
2025-07-01,$0.0811,$0.0815,$0.0763,$0.0789,$0.0765,-5.57,"$4,188,820",-29.87,"$1,634,073,608",-5.55
2025-06-30,$0.0845,$0.0845,$0.0799,$0.0825,$0.081,-4.11,"$5,973,322",-14.94,"$1,730,039,553",-4.36
2025-06-29,$0.08,$0.0849,$0.0795,$0.0823,$0.0847,5.94,"$7,022,639",6.63,"$1,808,913,564",5.67
2025-06-28,$0.0792,$0.0809,$0.0781,$0.0796,$0.0802,1.23,"$6,586,143",58.12,"$1,711,812,111",1.27
2025-06-27,$0.0763,$0.0793,$0.076,$0.0777,$0.0792,3.72,"$4,165,171",7.98,"$1,690,358,066",3.61
2025-06-26,$0.0792,$0.0814,$0.0757,$0.0782,$0.0764,-3.52,"$3,857,185",-12.92,"$1,631,396,026",-3.49
2025-06-25,$0.0832,$0.0842,$0.0781,$0.0812,$0.0792,-4.85,"$4,429,450",-35.34,"$1,690,425,201",-4.62
2025-06-24,$0.0835,$0.0873,$0.0818,$0.0839,$0.083,-0.519,"$6,849,927",-9.98,"$1,772,276,183",-0.555
2025-06-23,$0.0727,$0.0843,$0.072,$0.0781,$0.0835,14.86,"$7,609,465",69.41,"$1,782,161,990",14.85
2025-06-22,$0.0735,$0.075,$0.0685,$0.0724,$0.0727,-1.11,"$4,491,832",0.805,"$1,551,681,549",-1.06
2025-06-21,$0.0772,$0.0777,$0.0727,$0.0753,$0.0735,-4.87,"$4,455,979",-27.61,"$1,568,236,411",-4.88
2025-06-20,$0.08,$0.081,$0.0759,$0.0785,$0.0772,-3.52,"$6,155,895",-7.87,"$1,648,608,945",-3.33
2025-06-19,$0.0833,$0.0851,$0.0786,$0.0817,$0.0799,-4.15,"$6,681,466",17.42,"$1,705,381,383",-3.97
2025-06-18,$0.0844,$0.086,$0.0803,$0.0835,$0.0832,-1.43,"$5,690,307",6.97,"$1,775,831,022",-1.87
2025-06-17,$0.0898,$0.0936,$0.0825,$0.0877,$0.0848,-5.55,"$5,319,738",-41.11,"$1,809,642,719",-6.17
2025-06-16,$0.0891,$0.0951,$0.0873,$0.0905,$0.0903,1.44,"$9,033,846",42.86,"$1,928,689,433",1.32
2025-06-15,$0.0869,$0.0892,$0.0848,$0.0875,$0.0892,2.62,"$6,323,723",5.52,"$1,903,630,015",2.33
2025-06-14,$0.0893,$0.0898,$0.0856,$0.088,$0.0871,-2.42,"$5,993,116",-28.02,"$1,860,232,368",-2.36
2025-06-13,$0.0829,$0.0896,$0.0753,$0.0843,$0.0892,7.65,"$8,325,934",52.97,"$1,905,144,163",7.62
2025-06-12,$0.086,$0.0882,$0.0824,$0.0849,$0.0829,-3.60,"$5,442,772",-15.74,"$1,770,179,478",-3.60
2025-06-11,$0.0894,$0.0908,$0.0854,$0.0879,$0.086,-3.78,"$6,459,685",-17.59,"$1,836,372,429",-3.77
2025-06-10,$0.0811,$0.0903,$0.0802,$0.0852,$0.0894,10.27,"$7,838,313",-2.51,"$1,908,346,669",10.63
2025-06-09,$0.0732,$0.0809,$0.0722,$0.0768,$0.0808,10.35,"$8,039,766",17.68,"$1,725,018,400",10.35
2025-06-08,$0.0736,$0.0745,$0.0721,$0.0734,$0.0732,-0.492,"$6,831,840",23.70,"$1,563,280,960",-0.458
2025-06-07,$0.0709,$0.0743,$0.0699,$0.0722,$0.0736,3.76,"$5,523,070",10.13,"$1,570,473,370",3.59
2025-06-06,$0.0722,$0.0753,$0.0706,$0.0723,$0.071,-1.63,"$5,015,100",4.46,"$1,516,088,437",-1.88
2025-06-05,$0.0742,$0.0774,$0.0708,$0.0737,$0.0724,-2.44,"$4,801,083",-5.81,"$1,545,210,606",N/A
2025-06-04,$0.0778,$0.0801,$0.0741,$0.0765,$0.0742,-4.64,"$5,097,401",-6.92,N/A,
2025-06-03,$0.0727,$0.081,$0.0722,$0.0759,$0.0778,7.11,"$5,476,613",-17.75,N/A,
2025-06-02,$0.0667,$0.0738,$0.0653,$0.0696,$0.0726,8.87,"$6,658,732",-3.16,N/A,
2025-06-01,$0.0656,$0.0671,$0.0647,$0.066,$0.0667,1.78,"$6,875,779",18.21,N/A,
2025-05-31,$0.0645,$0.0661,$0.0634,$0.0649,$0.0656,1.72,"$5,816,657",-12.50,N/A,
2025-05-30,$0.0689,$0.0693,$0.0641,$0.0667,$0.0646,-6.17,"$6,647,332",41.66,N/A,
2025-05-29,$0.0714,$0.0736,$0.0689,$0.0707,$0.0689,-3.57,"$4,692,608",10.31,N/A,
2025-05-28,$0.0702,$0.0714,$0.0689,$0.0705,$0.0714,1.72,"$4,254,172",-23.31,N/A,
2025-05-27,$0.0677,$0.0714,$0.0668,$0.069,$0.0701,3.45,"$5,547,193",-7.17,N/A,
2025-05-26,$0.0686,$0.0693,$0.0671,$0.0682,$0.0677,-1.36,"$5,975,876",6.46,N/A,
2025-05-25,$0.0688,$0.0689,$0.0668,$0.0682,$0.0684,-0.466,"$5,613,030",-5.53,N/A,
2025-05-24,$0.0678,$0.0725,$0.0678,$0.0692,$0.0688,1.40,"$5,941,693",-6.65,N/A,
2025-05-23,$0.0728,$0.0755,$0.0676,$0.071,$0.0678,-6.87,"$6,364,682",42.57,N/A,
2025-05-22,$0.0727,$0.076,$0.0723,$0.0735,$0.0728,0.151,"$4,464,168",-13.70,N/A,
2025-05-21,$0.0719,$0.0747,$0.0704,$0.0725,$0.0731,1.79,"$5,172,822",-14.69,N/A,
2025-05-20,$0.0721,$0.075,$0.0701,$0.0723,$0.0718,-0.382,"$6,063,299",-5.51,N/A,
2025-05-19,$0.0724,$0.0724,$0.0681,$0.0713,$0.0723,-0.194,"$6,416,738",-1.07,N/A,
2025-05-18,$0.072,$0.0754,$0.0694,$0.0723,$0.0725,0.636,"$6,485,992",9.76,N/A,
2025-05-17,$0.0753,$0.0753,$0.0715,$0.0736,$0.0722,-4.20,"$5,909,343",1.07,N/A,
2025-05-16,$0.0753,$0.0793,$0.075,$0.0762,$0.0753,0.0678,"$5,846,832",18.14,N/A,
2025-05-15,$0.0781,$0.0792,$0.0734,$0.0765,$0.0753,-3.61,"$4,948,871",-48.69,N/A,
2025-05-14,$0.079,$0.0817,$0.0761,$0.0787,$0.0781,-1.12,"$9,644,589",22.68,N/A,
2025-05-13,$0.075,$0.0797,$0.0719,$0.0764,$0.079,5.33,"$7,861,874",21.53,N/A,
2025-05-12,$0.076,$0.0785,$0.0726,$0.0755,$0.075,-1.35,"$6,469,083",-3.56,N/A,
2025-05-11,$0.0782,$0.0784,$0.0747,$0.0768,$0.076,-2.82,"$6,707,710",-6.35,N/A,
2025-05-10,$0.0725,$0.0791,$0.0716,$0.0754,$0.0785,8.35,"$7,162,899",4.50,N/A,
2025-05-09,$0.0706,$0.0758,$0.0704,$0.0723,$0.0724,2.42,"$6,854,293",30.89,N/A,
2025-05-08,$0.063,$0.0716,$0.063,$0.0671,$0.0706,12.10,"$5,236,595",-14.74,N/A,
2025-05-07,$0.0614,$0.0639,$0.0602,$0.0621,$0.0631,2.67,"$6,141,868",12.05,N/A,
2025-05-06,$0.0645,$0.0651,$0.0592,$0.0625,$0.0613,-5.01,"$5,481,221",-31.15,N/A,
2025-05-05,$0.0636,$0.0655,$0.0632,$0.0642,$0.0645,1.46,"$7,961,502",58.79,N/A,
2025-05-04,$0.0627,$0.0647,$0.0623,$0.0633,$0.0636,1.32,"$5,013,742",-34.10,N/A,
2025-05-03,$0.0655,$0.066,$0.0629,$0.0644,$0.0631,-3.61,"$7,608,554",-7.68,N/A,
2025-05-02,$0.064,$0.0655,$0.0632,$0.0645,$0.0655,2.28,"$8,241,607",23.27,N/A,
2025-05-01,$0.0615,$0.0659,$0.0613,$0.0632,$0.064,4.14,"$6,685,989",76.14,N/A,
2025-04-30,$0.0636,$0.0644,$0.0603,$0.0624,$0.0615,-3.33,"$3,795,783",-36.86,N/A,
2025-04-29,$0.0636,$0.0665,$0.0629,$0.0642,$0.0639,0.482,"$6,011,421",-24.03,N/A,
2025-04-28,$0.0616,$0.0633,$0.0607,$0.0622,$0.0633,2.74,"$7,912,557",-4.93,N/A,
2025-04-27,$0.0636,$0.0648,$0.0614,$0.0628,$0.0616,-3.23,"$8,323,187",60.47,N/A,
2025-04-26,$0.0621,$0.0642,$0.0617,$0.0629,$0.0636,2.43,"$5,186,872",-6.27,N/A,
2025-04-25,$0.0629,$0.0636,$0.0608,$0.0623,$0.0621,-1.20,"$5,533,578",32.78,N/A,
2025-04-24,$0.0619,$0.0629,$0.0598,$0.0618,$0.0628,1.53,"$4,167,627",-13.73,N/A,
2025-04-23,$0.0604,$0.0645,$0.0604,$0.0618,$0.0619,2.52,"$4,830,675",-25.61,N/A,
2025-04-22,$0.0562,$0.0606,$0.0552,$0.0581,$0.0604,7.38,"$6,494,036",26.17,N/A,
2025-04-21,$0.0564,$0.0609,$0.0557,$0.0573,$0.0562,-0.319,"$5,147,049",4.43,N/A,
2025-04-20,$0.0575,$0.0584,$0.055,$0.0568,$0.0563,-2.15,"$4,928,518",4.88,N/A,
2025-04-19,$0.0563,$0.0578,$0.0563,$0.057,$0.0575,2.10,"$4,699,182",-3.44,N/A,
2025-04-18,$0.0561,$0.0574,$0.0558,$0.0564,$0.0563,0.344,"$4,866,449",-10.22,N/A,
2025-04-17,$0.056,$0.0577,$0.0557,$0.0564,$0.0561,0.203,"$5,420,321",40.96,N/A,
2025-04-16,$0.0564,$0.0598,$0.0551,$0.0568,$0.0557,-1.34,"$3,845,240",-30.66,N/A,
2025-04-15,$0.0575,$0.0624,$0.0563,$0.0581,$0.0563,-2.05,"$5,545,623",-12.03,N/A,
2025-04-14,$0.0564,$0.0613,$0.0564,$0.0579,$0.0575,1.91,"$6,304,055",-7.14,N/A,
2025-04-13,$0.0585,$0.0618,$0.0559,$0.0581,$0.0563,-3.70,"$6,789,109",-16.43,N/A,
2025-04-12,$0.0554,$0.059,$0.0546,$0.0569,$0.0588,6.20,"$8,124,049",23.06,N/A,
2025-04-11,$0.0538,$0.0561,$0.0535,$0.0547,$0.0554,2.92,"$6,601,538",35.84,N/A,
2025-04-10,$0.0584,$0.0585,$0.0524,$0.0558,$0.0538,-7.82,"$4,859,668",-59.45,N/A,
2025-04-09,$0.0511,$0.0599,$0.0489,$0.0546,$0.0584,14.14,"$11,983,815",48.97,N/A,
2025-04-08,$0.0516,$0.0543,$0.0504,$0.0519,$0.0513,-0.554,"$8,044,264",-29.83,N/A,
2025-04-07,$0.0476,$0.0522,$0.0437,$0.0488,$0.0516,8.47,"$11,463,963",117.28,N/A,
2025-04-06,$0.0562,$0.0569,$0.047,$0.0519,$0.0476,-15.30,"$5,276,181",-40.46,N/A,
2025-04-05,$0.0554,$0.0564,$0.0546,$0.0556,$0.0562,1.35,"$8,860,888",-6.80,N/A,
2025-04-04,$0.0546,$0.057,$0.0529,$0.055,$0.0554,1.43,"$9,507,645",38.05,N/A,
2025-04-03,$0.0536,$0.0549,$0.0513,$0.0536,$0.0546,1.93,"$6,887,037",26.43,N/A,
2025-04-02,$0.0577,$0.0591,$0.0533,$0.0559,$0.0536,-7.14,"$5,447,236",-10.23,N/A,
2025-04-01,$0.0542,$0.0586,$0.0537,$0.056,$0.0577,6.37,"$6,068,011",-34.33,N/A,
2025-03-31,$0.0537,$0.0559,$0.0524,$0.0541,$0.0542,1.02,"$9,240,321",96.47,N/A,
2025-03-30,$0.0539,$0.0549,$0.0525,$0.0537,$0.0536,-0.625,"$4,703,127",-42.36,N/A,
2025-03-29,$0.0603,$0.0613,$0.0536,$0.0573,$0.0539,-10.56,"$8,159,192",20.72,N/A,
2025-03-28,$0.0603,$0.0635,$0.0582,$0.0606,$0.0602,-0.169,"$6,758,624",6.53,N/A,
2025-03-27,$0.0574,$0.062,$0.0573,$0.0593,$0.0605,5.51,"$6,344,478",-1.05,N/A,
2025-03-26,$0.054,$0.0577,$0.0536,$0.0557,$0.0574,6.29,"$6,411,733",-16.81,N/A,
2025-03-25,$0.053,$0.0537,$0.0523,$0.0532,$0.0537,1.42,"$7,707,763",8.94,N/A,
2025-03-24,$0.0511,$0.0534,$0.0505,$0.052,$0.053,3.80,"$7,075,022",-5.34,N/A,
2025-03-23,$0.0516,$0.0539,$0.0509,$0.0519,$0.0511,-0.967,"$7,474,019",-1.08,N/A,
2025-03-22,$0.0511,$0.0527,$0.0509,$0.0516,$0.0516,1.06,"$7,555,444",25.52,N/A,
2025-03-21,$0.0528,$0.0534,$0.0499,$0.0518,$0.0511,-3.23,"$6,019,340",-14.31,N/A,
2025-03-20,$0.054,$0.0543,$0.0516,$0.0531,$0.0526,-2.61,"$7,024,553",4.42,N/A,
2025-03-19,$0.0531,$0.0556,$0.0529,$0.0539,$0.054,1.78,"$6,727,273",-22.29,N/A,
2025-03-18,$0.0504,$0.0691,$0.0494,$0.0555,$0.0531,5.37,"$8,656,881",24.14,N/A,
2025-03-17,$0.0491,$0.0512,$0.0491,$0.0499,$0.0504,2.75,"$6,973,275",-10.19,N/A,
2025-03-16,$0.0506,$0.0514,$0.0482,$0.0498,$0.0491,-3.03,"$7,764,855",21.52,N/A,
2025-03-15,$0.0489,$0.0511,$0.0486,$0.0498,$0.0507,3.77,"$6,389,754",-17.49,N/A,
2025-03-14,$0.0472,$0.0507,$0.047,$0.0484,$0.0489,3.58,"$7,744,075",2.56,N/A,
2025-03-13,$0.047,$0.0484,$0.0456,$0.0471,$0.0472,0.296,"$7,550,641",-6.27,N/A,
2025-03-12,$0.0472,$0.0477,$0.0437,$0.0464,$0.047,-0.369,"$8,056,117",-0.757,N/A,
2025-03-11,$0.0465,$0.0489,$0.0441,$0.0467,$0.0472,1.56,"$8,117,571",12.60,N/A,
2025-03-10,$0.0494,$0.0506,$0.0436,$0.0475,$0.0466,-5.76,"$7,209,479",-28.58,N/A,
2025-03-09,$0.0567,$0.0577,$0.049,$0.0532,$0.0494,-12.90,"$10,094,297",39.76,N/A,
2025-03-08,$0.054,$0.0568,$0.0527,$0.055,$0.0565,4.58,"$7,222,413",-9.57,N/A,
2025-03-07,$0.0531,$0.0553,$0.0509,$0.0534,$0.0542,2.10,"$7,986,935",24.86,N/A,
2025-03-06,$0.0573,$0.0595,$0.0529,$0.0557,$0.0531,-7.26,"$6,396,630",69.95,N/A,
2025-03-05,$0.0569,$0.0603,$0.0561,$0.0576,$0.0573,0.651,"$3,763,895",-40.86,N/A,
2025-03-04,$0.0602,$0.0602,$0.0556,$0.0583,$0.057,-5.44,"$6,364,291",-24.01,N/A,
2025-03-03,$0.0647,$0.0652,$0.0561,$0.0616,$0.0602,-6.87,"$8,375,658",1.94,N/A,
2025-03-02,$0.0687,$0.0708,$0.0647,$0.0672,$0.0647,-5.80,"$8,215,970",-12.74,N/A,
2025-03-01,$0.066,$0.0709,$0.0633,$0.0672,$0.0686,3.94,"$9,415,951",7.44,N/A,
2025-02-28,$0.073,$0.0741,$0.063,$0.069,$0.0659,-9.77,"$8,764,080",6.18,N/A,
2025-02-27,$0.0679,$0.0742,$0.0672,$0.0706,$0.073,7.58,"$8,254,315",-48.62,N/A,
2025-02-26,$0.0692,$0.072,$0.0649,$0.0685,$0.0679,-1.95,"$16,063,893",-21.07,N/A,
2025-02-25,$0.0592,$0.0699,$0.0561,$0.0637,$0.0697,17.65,"$20,351,851",-5.31,N/A,
2025-02-24,$0.0635,$0.0653,$0.0582,$0.0616,$0.0592,-6.71,"$21,493,885",-1.87,N/A,
2025-02-23,$0.0631,$0.0676,$0.0609,$0.0638,$0.0635,0.644,"$21,903,721",2.43,N/A,
2025-02-22,$0.0607,$0.0653,$0.06,$0.0623,$0.0631,3.92,"$21,384,445",-40.43,N/A,
2025-02-21,$0.0597,$0.0622,$0.0571,$0.0599,$0.0606,1.51,"$35,900,767",7.34,N/A,
2025-02-20,$0.049,$0.0614,$0.0485,$0.0546,$0.0597,22.01,"$33,446,770",79.74,N/A,
2025-02-19,$0.0463,$0.0507,$0.0463,$0.0481,$0.049,5.76,"$18,608,854",-4.84,N/A,
2025-02-18,$0.0435,$0.0471,$0.0434,$0.0451,$0.0463,6.56,"$19,554,771",32.30,N/A,
2025-02-17,$0.0413,$0.044,$0.041,$0.0424,$0.0435,5.14,"$14,780,809",94.17,N/A,
2025-02-16,$0.0418,$0.0426,$0.0411,$0.0417,$0.0413,-1.08,"$7,612,371",16.16,N/A,
2025-02-15,$0.0418,$0.0422,$0.0408,$0.0416,$0.0418,0.002,"$6,553,562",-30.40,N/A,
2025-02-14,$0.0411,$0.0425,$0.0379,$0.0408,$0.0418,1.59,"$9,415,847",-17.20,N/A,
2025-02-13,$0.0422,$0.0423,$0.0409,$0.0416,$0.0411,-2.56,"$11,371,811",-19.06,N/A,
2025-02-12,$0.0398,$0.044,$0.0387,$0.0412,$0.0423,6.34,"$14,050,208",36.11,N/A,
2025-02-11,$0.0405,$0.0416,$0.0393,$0.0403,$0.0398,-1.89,"$10,322,720",-18.47,N/A,
2025-02-10,$0.0376,$0.0409,$0.037,$0.039,$0.0406,7.80,"$12,661,717",11.82,N/A,
2025-02-09,$0.039,$0.039,$0.0367,$0.0381,$0.0376,-3.56,"$11,323,648",15.10,N/A,
2025-02-08,$0.0384,$0.0398,$0.038,$0.0388,$0.039,1.64,"$9,837,925",-0.549,N/A,
2025-02-07,$0.0374,$0.0392,$0.0372,$0.038,$0.0384,2.48,"$9,892,268",-2.89,N/A,
2025-02-06,$0.0382,$0.0391,$0.0367,$0.0378,$0.0374,-1.98,"$10,187,084",-15.59,N/A,
2025-02-05,$0.0379,$0.0401,$0.0376,$0.0384,$0.0381,0.461,"$12,069,042",-40.80,N/A,
2025-02-04,$0.0412,$0.0413,$0.0375,$0.0395,$0.0379,-7.90,"$20,387,968",-43.01,N/A,
2025-02-03,$0.0424,$0.0425,$0.036,$0.0405,$0.041,-3.16,"$35,772,185",87.06,N/A,
2025-02-02,$0.0451,$0.0459,$0.0412,$0.0436,$0.0423,-6.14,"$19,123,733",90.95,N/A,
2025-02-01,$0.0478,$0.0482,$0.0447,$0.0465,$0.0451,-5.54,"$10,015,044",-33.01,N/A,
2025-01-31,$0.0448,$0.0497,$0.0447,$0.0468,$0.0478,6.59,"$14,949,869",43.66,N/A,
2025-01-30,$0.0457,$0.0477,$0.0448,$0.0457,$0.0448,-2.13,"$10,406,607",-2.67,N/A,
2025-01-29,$0.0468,$0.0476,$0.0451,$0.0463,$0.0458,-2.33,"$10,692,520",30.64,N/A,
2025-01-28,$0.05,$0.0512,$0.0467,$0.0487,$0.0468,-6.31,"$8,184,684",-42.25,N/A,
2025-01-27,$0.05,$0.051,$0.0467,$0.0494,$0.05,-0.0323,"$14,173,444",98.60,N/A,
2025-01-26,$0.0513,$0.052,$0.05,$0.0508,$0.05,-2.63,"$7,136,693",21.44,N/A,
2025-01-25,$0.0523,$0.0528,$0.0514,$0.052,$0.0516,-1.32,"$5,876,640",-48.80,N/A,
2025-01-24,$0.0532,$0.0555,$0.0517,$0.0532,$0.0523,-1.69,"$11,478,930",-9.51,N/A,
2025-01-23,$0.0518,$0.0532,$0.0504,$0.0522,$0.0532,2.65,"$12,684,618",278.00,N/A,
2025-01-22,$0.0541,$0.0546,$0.0518,$0.0531,$0.0518,-4.23,"$3,355,712",-65.09,N/A,
2025-01-21,$0.0534,$0.0548,$0.052,$0.0536,$0.0541,1.37,"$9,613,762",-52.89,N/A,
2025-01-20,$0.0529,$0.0576,$0.052,$0.054,$0.0534,0.99955,"$20,406,043",24.72,N/A,
2025-01-19,$0.0575,$0.059,$0.0526,$0.0555,$0.053,-7.90,"$16,361,951",140.09,N/A,
2025-01-18,$0.0612,$0.0616,$0.0567,$0.0592,$0.0575,-5.92,"$6,815,014",46.22,N/A,
2025-01-17,$0.0592,$0.0614,$0.0592,$0.0603,$0.0612,3.26,"$4,660,953",31.89,N/A,
2025-01-16,$0.0595,$0.0597,$0.058,$0.0591,$0.0592,-0.520,"$3,533,902",-0.304,N/A,
2025-01-15,$0.0575,$0.0599,$0.0572,$0.0585,$0.0595,3.46,"$3,544,665",12.71,N/A,
2025-01-14,$0.0562,$0.0581,$0.0562,$0.057,$0.0575,2.41,"$3,144,829",-71.17,N/A,
2025-01-13,$0.0592,$0.0602,$0.0538,$0.0573,$0.0562,-5.08,"$10,909,828",349.65,N/A,
2025-01-12,$0.06,$0.0603,$0.0585,$0.0595,$0.0592,-1.38,"$2,426,287",16.21,N/A,
2025-01-11,$0.0612,$0.0612,$0.0599,$0.0606,$0.0601,-1.85,"$2,087,877",-62.26,N/A,
2025-01-10,$0.061,$0.0621,$0.0595,$0.0609,$0.0612,0.397,"$5,531,930",-43.23,N/A,
2025-01-09,$0.0617,$0.0635,$0.0597,$0.0614,$0.0605,-1.80,"$9,744,594",23.51,N/A,
2025-01-08,$0.0626,$0.0628,$0.0592,$0.0616,$0.0617,-1.58,"$7,889,747",86.72,N/A,
2025-01-07,$0.0679,$0.0681,$0.0622,$0.0652,$0.0626,-7.72,"$4,225,379",30.80,N/A,
2025-01-06,$0.0658,$0.068,$0.0651,$0.0666,$0.0674,2.38,"$3,230,533",25.90,N/A,
2025-01-05,$0.0664,$0.0664,$0.0647,$0.0658,$0.0658,-0.797,"$2,565,966",-43.64,N/A,
2025-01-04,$0.0665,$0.068,$0.0653,$0.0665,$0.0664,-0.229,"$4,552,529",64.53,N/A,
2025-01-03,$0.0643,$0.0672,$0.0638,$0.0654,$0.0665,3.51,"$2,766,996",-22.01,N/A,
2025-01-02,$0.0632,$0.0661,$0.063,$0.0642,$0.0643,1.61,"$3,547,833",68.12,N/A,
2025-01-01,$0.0619,$0.0632,$0.0616,$0.0625,$0.0632,2.12,"$2,110,271",-45.73,N/A,
2024-12-31,$0.0621,$0.0639,$0.061,$0.0622,$0.0619,-0.242,"$3,888,347",-44.54,N/A,
2024-12-30,$0.0628,$0.0642,$0.0612,$0.0626,$0.0621,-1.22,"$7,011,709",120.50,N/A,
2024-12-29,$0.0643,$0.0644,$0.062,$0.0634,$0.0627,-2.41,"$3,179,887",-27.93,N/A,
2024-12-28,$0.0649,$0.0654,$0.0632,$0.0645,$0.0643,-0.893,"$4,412,430",-74.65,N/A,
2024-12-27,$0.0631,$0.0671,$0.0631,$0.0645,$0.0648,2.64,"$17,404,636",392.51,N/A,
2024-12-26,$0.0671,$0.0671,$0.0629,$0.0651,$0.0631,-5.94,"$3,533,887",-8.21,N/A,
2024-12-25,$0.0687,$0.069,$0.0663,$0.0678,$0.0671,-2.34,"$3,850,024",-40.43,N/A,
2024-12-24,$0.0674,$0.0697,$0.0657,$0.0679,$0.0687,1.97,"$6,463,247",-48.80,N/A,
2024-12-23,$0.0657,$0.0685,$0.0627,$0.0661,$0.0674,2.53,"$12,624,194",32.02,N/A,
2024-12-22,$0.0669,$0.0685,$0.0645,$0.0664,$0.0657,-1.71,"$9,562,321",-6.93,N/A,
2024-12-21,$0.0705,$0.0723,$0.0667,$0.0691,$0.0669,-5.17,"$10,274,164",-59.38,N/A,
2024-12-20,$0.0682,$0.0715,$0.0627,$0.0682,$0.0705,3.47,"$25,293,433",70.90,N/A,
2024-12-19,$0.0696,$0.0726,$0.0661,$0.0692,$0.0686,-1.40,"$14,800,088",116.89,N/A,
2024-12-18,$0.0739,$0.0743,$0.0696,$0.0718,$0.0696,-5.81,"$6,823,875",-10.77,N/A,
2024-12-17,$0.0788,$0.0788,$0.0689,$0.0751,$0.0739,-6.22,"$7,647,199",-26.80,N/A,
2024-12-16,$0.0856,$0.0862,$0.0784,$0.0823,$0.0788,-7.94,"$10,447,457",-1.47,N/A,
2024-12-15,$0.0807,$0.0856,$0.0791,$0.0827,$0.0856,6.04,"$10,602,934",29.35,N/A,
2024-12-14,$0.0873,$0.0891,$0.0792,$0.084,$0.0807,-7.55,"$8,197,266",-40.43,N/A,
2024-12-13,$0.0844,$0.0881,$0.0832,$0.0857,$0.0873,3.45,"$13,761,625",-26.23,N/A,
2024-12-12,$0.0786,$0.0894,$0.0781,$0.0826,$0.0844,7.27,"$18,654,423",64.22,N/A,
2024-12-11,$0.0734,$0.0789,$0.0713,$0.0756,$0.0786,7.13,"$11,359,435",-72.18,N/A,
2024-12-10,$0.0807,$0.0826,$0.0716,$0.0771,$0.0734,-9.06,"$40,838,325",91.76,N/A,
2024-12-09,$0.0923,$0.0923,$0.075,$0.085,$0.0807,-12.52,"$21,296,073",282.08,N/A,
2024-12-08,$0.0909,$0.0923,$0.0876,$0.0907,$0.0922,1.47,"$5,573,781",30.99,N/A,
2024-12-07,$0.0924,$0.0935,$0.0898,$0.0917,$0.0909,-1.66,"$4,254,960",-64.78,N/A,
2024-12-06,$0.0872,$0.0966,$0.087,$0.0908,$0.0925,6.12,"$12,082,249",-24.54,N/A,
2024-12-05,$0.0953,$0.0955,$0.0859,$0.091,$0.0872,-8.56,"$16,012,504",-25.61,N/A,
2024-12-04,$0.0954,$0.101,$0.0937,$0.0963,$0.0953,-0.038,"$21,525,911",-48.61,N/A,
2024-12-03,$0.0824,$0.0962,$0.0821,$0.0892,$0.096,16.40,"$41,890,205",131.55,N/A,
2024-12-02,$0.0769,$0.0824,$0.0738,$0.0788,$0.0823,6.97,"$18,091,226",235.80,N/A,
2024-12-01,$0.0782,$0.0784,$0.0754,$0.0772,$0.0769,-1.59,"$5,387,471",-27.10,N/A,
2024-11-30,$0.0753,$0.0786,$0.0745,$0.0767,$0.0782,3.75,"$7,390,173",100.92,N/A,
2024-11-29,$0.0761,$0.0767,$0.0745,$0.0757,$0.0754,-0.997,"$3,678,247",-45.08,N/A,
2024-11-28,$0.078,$0.0786,$0.0741,$0.0767,$0.0761,-2.46,"$6,697,232",-35.91,N/A,
2024-11-27,$0.0722,$0.0782,$0.0717,$0.0749,$0.0777,7.60,"$10,450,216",-8.98,N/A,
2024-11-26,$0.0762,$0.0902,$0.0665,$0.0763,$0.0722,-5.26,"$11,481,637",-49.62,N/A,
2024-11-25,$0.0726,$0.083,$0.0708,$0.0758,$0.0767,5.71,"$22,787,832",61.00,N/A,
2024-11-24,$0.069,$0.0745,$0.069,$0.0713,$0.0726,5.16,"$14,154,274",-4.64,N/A,
2024-11-23,$0.0676,$0.0732,$0.0671,$0.0692,$0.069,2.10,"$14,843,647",74.26,N/A,
2024-11-22,$0.0685,$0.0716,$0.0666,$0.0686,$0.0676,-1.26,"$8,518,066",-47.25,N/A,
2024-11-21,$0.0621,$0.0696,$0.0613,$0.0654,$0.0685,10.21,"$16,148,055",190.34,N/A,
2024-11-20,$0.062,$0.065,$0.0618,$0.0628,$0.0624,0.578,"$5,561,859",-13.28,N/A,
2024-11-19,$0.0649,$0.0652,$0.0611,$0.0634,$0.0624,-3.94,"$6,413,570",-17.15,N/A,
2024-11-18,$0.0585,$0.0646,$0.0585,$0.0616,$0.0646,10.45,"$7,741,137",21.50,N/A,
2024-11-17,$0.0625,$0.0639,$0.0579,$0.0607,$0.0584,-6.56,"$6,371,493",-14.32,N/A,
2024-11-16,$0.0597,$0.0647,$0.0594,$0.0616,$0.0625,4.73,"$7,436,137",25.95,N/A,
2024-11-15,$0.0586,$0.0612,$0.0586,$0.0595,$0.0597,1.82,"$5,903,979",-18.67,N/A,
2024-11-14,$0.0619,$0.0629,$0.0586,$0.0605,$0.0586,-5.28,"$7,258,943",-53.90,N/A,
2024-11-13,$0.0638,$0.0662,$0.0603,$0.063,$0.0619,-3.00,"$15,746,731",-15.40,N/A,
2024-11-12,$0.064,$0.0643,$0.0597,$0.0629,$0.0635,-0.801,"$18,613,162",16.03,N/A,
2024-11-11,$0.0613,$0.0658,$0.0604,$0.0629,$0.064,4.50,"$16,041,296",29.33,N/A,
2024-11-10,$0.062,$0.0646,$0.0593,$0.0618,$0.0612,-1.26,"$12,402,943",110.71,N/A,
2024-11-09,$0.0614,$0.0634,$0.0602,$0.0619,$0.0624,1.58,"$5,886,139",-28.97,N/A,
2024-11-08,$0.063,$0.0638,$0.0599,$0.062,$0.0614,-2.56,"$8,286,379",-59.75,N/A,
2024-11-07,$0.0578,$0.0693,$0.057,$0.0618,$0.0632,9.22,"$20,585,624",2.41,N/A,
2024-11-06,$0.0467,$0.0597,$0.0467,$0.0527,$0.0578,23.92,"$20,101,362",469.20,N/A,
2024-11-05,$0.0477,$0.0488,$0.0463,$0.0474,$0.0467,-2.17,"$3,531,486",-6.10,N/A,
2024-11-04,$0.049,$0.0494,$0.0472,$0.0483,$0.0477,-2.74,"$3,760,969",10.06,N/A,
2024-11-03,$0.0503,$0.0505,$0.0479,$0.0495,$0.049,-2.53,"$3,417,324",32.33,N/A,
2024-11-02,$0.0529,$0.053,$0.0498,$0.0515,$0.0503,-4.87,"$2,582,469",-69.26,N/A,
2024-11-01,$0.0529,$0.0548,$0.0519,$0.0531,$0.0527,-0.351,"$8,400,965",-1.60,N/A,
2024-10-31,$0.0516,$0.0549,$0.0511,$0.0526,$0.0529,2.59,"$8,537,603",-15.18,N/A,
2024-10-30,$0.0478,$0.0527,$0.0477,$0.05,$0.0516,8.03,"$10,065,248",219.57,N/A,
2024-10-29,$0.0459,$0.0478,$0.0458,$0.0468,$0.0477,3.99,"$3,149,617",43.90,N/A,
2024-10-28,$0.0457,$0.0464,$0.0446,$0.0456,$0.0459,0.346,"$2,188,779",123.47,N/A,
2024-10-27,$0.0458,$0.0462,$0.0454,$0.0458,$0.0457,-0.263,"$979,437",-76.53,N/A,
2024-10-26,$0.0422,$0.0461,$0.0422,$0.0441,$0.0459,8.67,"$4,172,686",-6.53,N/A,
2024-10-25,$0.0474,$0.0474,$0.0421,$0.0448,$0.0421,-11.06,"$4,464,112",150.89,N/A,
2024-10-24,$0.0479,$0.0488,$0.0469,$0.0478,$0.0474,-1.18,"$1,779,325",-48.22,N/A,
2024-10-23,$0.0507,$0.0507,$0.0474,$0.0492,$0.048,-5.38,"$3,436,404",-13.56,N/A,
2024-10-22,$0.0495,$0.051,$0.0482,$0.0498,$0.0507,2.40,"$3,975,317",89.17,N/A,
2024-10-21,$0.051,$0.052,$0.0494,$0.0505,$0.0495,-2.90,"$2,101,414",38.98,N/A,
2024-10-20,$0.0503,$0.0514,$0.0495,$0.0505,$0.051,1.36,"$1,512,014",36.04,N/A,
2024-10-19,$0.0499,$0.0509,$0.0447,$0.0489,$0.0503,0.850,"$1,111,452",-36.86,N/A,
2024-10-18,$0.0499,$0.0506,$0.0497,$0.05,$0.0499,0.0191,"$1,760,252",-51.07,N/A,
2024-10-17,$0.0538,$0.0543,$0.0497,$0.0519,$0.0499,-7.29,"$3,597,693",-3.98,N/A,
2024-10-16,$0.055,$0.0556,$0.0537,$0.0545,$0.0537,-2.35,"$3,746,831",-52.50,N/A,
2024-10-15,$0.0579,$0.0601,$0.0544,$0.0568,$0.055,-4.97,"$7,888,844",233.33,N/A,
2024-10-14,$0.0551,$0.0579,$0.0547,$0.0564,$0.0579,5.09,"$2,366,651",79.17,N/A,
2024-10-13,$0.0563,$0.0585,$0.0544,$0.0561,$0.0551,-2.18,"$1,320,873",18.07,N/A,
2024-10-12,$0.0563,$0.0571,$0.0559,$0.0564,$0.0563,0.0218,"$1,118,758",-23.36,N/A,
2024-10-11,$0.0565,$0.0578,$0.0563,$0.0567,$0.0563,-0.310,"$1,459,665",-55.42,N/A,
2024-10-10,$0.0566,$0.0574,$0.0551,$0.0564,$0.0565,-0.230,"$3,274,598",35.63,N/A,
2024-10-09,$0.0586,$0.0592,$0.056,$0.0576,$0.0566,-3.38,"$2,414,326",18.54,N/A,
2024-10-08,$0.0586,$0.0596,$0.0582,$0.0587,$0.0586,-0.0937,"$2,036,722",-52.22,N/A,
2024-10-07,$0.0606,$0.062,$0.0583,$0.0599,$0.0586,-3.25,"$4,262,519",382.53,N/A,
2024-10-06,$0.0606,$0.0617,$0.0602,$0.0608,$0.0606,-0.058,"$883,372",-25.52,N/A,
2024-10-05,$0.0605,$0.0615,$0.0599,$0.0607,$0.0606,0.186,"$1,186,040",-31.21,N/A,
2024-10-04,$0.0598,$0.0613,$0.0595,$0.0603,$0.0605,1.21,"$1,724,090",-69.02,N/A,
2024-10-03,$0.0608,$0.0613,$0.0586,$0.0601,$0.0598,-1.59,"$5,564,481",16.36,N/A,
2024-10-02,$0.0618,$0.0636,$0.0601,$0.0616,$0.0608,-1.61,"$4,782,115",-35.88,N/A,
2024-10-01,$0.0651,$0.0669,$0.0613,$0.0637,$0.0617,-5.24,"$7,458,601",505.13,N/A,
2024-09-30,$0.0669,$0.0673,$0.0651,$0.0661,$0.0651,-2.81,"$1,232,561",,N/A,
